1
1
2
3
5
8
13
21
34
55
89
144
233
377
610
987
1597
2584
4181
6765
10946
17711
28657
46368
75025
121393
196418
317811
514229
832040
1346269
2178309
3524578
5702887
9227465
14930352
24157817
39088169
63245986
102334155
165580141
267914296
433494437
701408733
1134903170
1836311903
2971215073
4807526976
7778742049
12586269025
20365011074
32951280099
53316291173
86267571272
139583862445
225851433717
365435296162
591286729879
956722026041
1548008755920
2504730781961
4052739537881
6557470319842
10610209857723
17167680177565
27777890035288
44945570212853
72723460248141
117669030460994
190392490709135
308061521170129
498454011879265
806515533049395
1304969544928660
2111485077978055
3416454622906715
5527939700884771
8944394323791488
14472334024676260
23416728348467744
37889062373144008
61305790721611752
99194853094755776
160500643816367552
259695496911123328
420196140727490880
679891637638614272
1100087778366105088
1779979416004719360
2880067194370824704
4660046610375544832
7540113804746369024
12200160415121913856
19740274219868282880
31940434634990198784
51680708854858489856
83621143489848688640
135301852344707186688
218922995834555891712
354224848179263111168
573147844013818970112
927372692193082081280
1500520536206901248000
2427893228399983329280
3928413764606884839424
6356306993006868692992
10284720757613753532416
16641027750620622225408
26925748508234379952128
43566776258855008468992
70492524767089384226816
114059301025944392695808
184551825793033785311232
298611126818978194784256
483162952612011980095488
781774079430990309097472
1264937032043002356301824
2046711111473992665399296
3311648143516995021701120
5358359254990987687100416
8670007398507983245672448
14028366653498970932772864
22698374052006954178445312
36726740705505935848636416
59425114757512894322049024
96151855463018834465652736
155576970220531703017897984
251728825683550554663419904
407305795904082360760532992
659034621587632984143429632
1066340417491715138745532416
1725375039079348260327915520
2791715456571063399073447936
4517090495650411934279270400
7308805952221475883108532224
11825896447871887817387802624
19134702400093363700496334848
30960598847965253716907393024
50095301248058617417403727872
81055900096023879930404143104
131151201344082506143900893184
212207101440106403666491080704
343358302784188962586950107136
555565404224295295884697010176
898923707008484328840391294976
1454489111232779765462576660480
2353412818241264094302967955456
3807901929474044422715498037248
6161314747715309079968419414016
9969216677189352939733964029952
16130531424904662019702383443968
26099748102094013833536440631296
42230279526998680356838451445760
68330027629092698693974519447552
110560307156091388058012225634304
178890334785184113773584509304832
289450641941275501831596734939136
468340976726459579576384225280000
757791618667735081407980960219136
1226132595394194733041959223427072
1983924214061930102680316335357952
3210056809456124835722275558785024
5193981023518054650172215742431232
8404037832974180638815995908063232
13598018856492236441909716257341440
22002056689466421692411730592792576
35600075545958655828478437636440064
57602132235425082132576186656620544
93202207781383742572740642720448512
150804340016808806258572755667517440
244006547798192585724801545807069184
394810887815001391983374301474586624
638817435613194051495152142119862272
1033628323428195517265502738432655360
1672445759041389421186702290876104704
2706074082469585381174062798337998848
4378519841510974802360765089214103552
7084593923980560773830638246257754112
11463113765491535576191403335471857664
18547707689472097530613662299140915200
30010821454963633106805065634612772864
48558529144435735359785210803398901760
78569350599399373188956759307656888320
127127879743835117993474935850346217472
205697230343234491182431695158003105792
332825110087069590286440699529768468480
538522340430304119247804257644933283840
871347450517373822871040546046186881024
1409869790947677866560981077776796745728
2281217241465051689432021623822983626752
3691087032412729858224457605257074049024
5972304273877782152119389036394645028864
9663391306290513219269666256280893784064
15635695580168295371389055292675538812928
25299086886458809799584541163585607303168
40934782466627112424528514144036194353152
66233869353085917388409776849105102831616
107168651819713029812938290993141297184768
173402521172798966544161181676313195315200
280571172992512015699912586503521287798784
453973694165310982244073768179834483113984
734544867157822997943986354683355770912768
1188518561323134057559312578199457435222016
1923063428480957210245803843555347568525312
3111581989804091732032631153772408090918912
5034645418285049251763444818672824384225280
8146227408089140364826056329755095025582080
13180872826374190235559520791118056859369472
21327100234463330600385577120873151884951552
34507973060837523311825176482751758542569472
55835073295300858863970910745146010024017920
90343046356138382175796087227897768566587392
146178119651439260846807626539128176976592896
236521166007577643022603713767025945543180288
382699285659016864255330083173985325747798016
619220451666594626120177568337517661606903808
1001919737325611490375507651511502987354701824
1621140188992206274952010248377695836049506304
2623059926317818082240167956946549197580009472
4244200115310024357192178205324245033629515776
6867260041627842439432346162270794231209525248
11111460156937867430449824481709740013190643712
17978720198565708602231570415751132747696963584
29090180355503578567982595353919675754294018048
47068900554069294776117767139047217482210213888
76159080909572873344100362492966893236504231936
123227981463642178261422931457849322692340088832
199387062373215051605523293950816215928844320768
322615043836857250149355829060335962568435695616
522002106210072382884517537617833874286285160448
844617150046929592469054159374828988960218284032
1366619256257001975353571696992662863246503444480
2211236406303931730081902685580855243784732016640
3577855662560933867694751211786881498609245749248
5789092068864866246813761214221190308706018918400
9366947731425800763545619742861525373627305820160
15156039800290665712285166323375808549709242433536
24522987531716470370053429967358055321208795168768
39679027332007138678487025558147678136166202212352
64202014863723609048540455525505733457374997381120
103881042195730758111621198153308668654533858033664
168083057059454356775567936609159145050916196974592
271964099255185114887189134762467813705450055008256
440047156314639471662757071371626958756366251982848
712011255569824669626695942691336828949757574512640
1152058411884464224366202750620205844194065094017024
1864069667454289060146398166426026786119705203572736
3016128079338753118359101443931748517337887762546688
4880197746793042843119497502815711755361123106291712
7896325826131796626092596839205396724602541009010688
12776523572924839469212094342021108479963664115302400
20672849399056636095304691181226505204566205124313088
33449372971981478222972777093079359492143989800304640
54122222371038116976733459844137610504324315485306880
87571595343019595199706236937216969996468305285611520
141693817714057722810263663060681563731249103013675008
229265413057077318009969899997898533727717408299286528
370959230771135062087881495617234063919879475798474752
600224643828212422633147260732440530569422813068787712
971183874599347612326916351701598393254780075780341760
1571408518427559949889471882199423057980551030907076608
2542592393026907562216388233901021451235331106687418368
4114000911454467852388227037038907972590489569362706432
6656593304481375414604615270939929423825820676050124800
10770594215935844628122309991732691249914739972485677056
17427187520417220042726925262672620673740560648535801856
28197781736353068754237638305666873484150589802240016384
45624969256770294241482434303354909571884869359067201536
73822750993123357551202201874006367642041740253015834624
119447720249893657237202506912376692627920328520374419456
193270471243017036566476191726444721925936944406555787264
312718191492910693803678698638821414553857272926930206720
505988662735927795704369339185451121447718844232982593536
818706854228838489508048037824272536001576117159912800256
1324695516964766198100131445249477010825395458860233261056
2143402371193604861832751346594242840074770581085470326784
3468097888158371234157454655364213144147965045011027853312
5611500259351976444439349728999442570718333636227146711040
9079598147510348375495091838445628887857494701499471626240
14691098406862326910629303929690990977549416398510509522944
23770696554372676679920970676300566211389303140532575272960
38461794961235000802957124789663664496973935457997896548352
62232491515607680270471245282292123400328022679575660068864
100694286476842681073428370071955787897301958137573556617216
162926777992450383644644813884871052833348253465510722666496
263621064469293087018818382487449982266368484251445785264128
426547842461743470663463196372321035099716737716956507930624
690168906931036557682281578859771017366085221968402293194752
1116716749392780206751706363477077184751548140872250848968704
1806885656323817032042930324704325900546252634620991213928448
2923602405716596881982713511691432820726308413119457967210496
4730488062040413914025643836395758721272561047740449181138944
7654090467757012223256050054047072600284838910355043531096064
12384578529797426137281693890442831321557399958095492712235008
20038668997554438360537743944489903921842238868450536243331072
32423247527351865925067130540892616301685608276041165338312704
52461916524906307140100259897302282340099786043481974347137024
84885164052258178774158161262034422874929272117503685216436224
137347080577164485914258421159336705215029058160985659563573248
222232244629422676106398124069050176556246085874450435841982464
359579325206587162020656545228386881771275144035436095405555712
581811569836009929470907002478869446057823274677575259743322112
941390895042597228507342047479404909424551485864544447892553728
1523202464878607157978249049958274355482374760542119707635875840
2464593359921204386485591097437679264906926246406664155528429568
3987795824799811179088430814670224069468092827878028949181169664
6452389184721015930949431244833632885296227253355448018692734976
10440185009520827110037862059503856954764320081233476967873904640
16892574194241845233239749300691867145587796409013454470465454080
27332759203762672343277611360195724100352116490246931438339358720
44225333398004520499520635322693427653309578331826425220669898752
71558092601767192842798246682889151753661694822073356659009257472
115783425999771725034331980652805925036449934884163939127139500032
187341518601538929569143325982918422419590291436501453033609101312
303124944601310631219449109341277656197082902860137077665827913728
490466463202849654324697224501982843652502488138751788679119765504
793591407804160332312198728432153882367500037919945495334789054464
1284057871007010173709105531289710256091661113742923799973274320896
2077649278811170318949094681366290608387502563978642779348697874432
3361707149818180679730409791011574394550822265405793095281337696256
5439356428629350998679504472377865002938324829384435874630035570688
8801063578447532052554333420100586457632464270158682001830104268800
14240420007076884547811514519323039701144057801016930004135063846912
23041483585524415103788171312579037918203253369701799878290244108288
37281903592601302644755039085591254100493848573666354137775155970048
60323387178125732714319976666616174424429788958106275292814640152576
97605290770727041345385722259585781487216712337667877941289492152320
157928677948852774059705698926201955911646501295774153234104132304896
255533968719579815405091421185787737398863213633442031175393624457216
413462646668432589464797120111989693310509714929216184409497756762112
668996615388012356979402889238750607011028330115496227499293812981760
1082459262056445185896628269645874418813261037280522352336779410931712
1751455877444457542876031158884625025824289367396018579836073223913472
2833915139500902728772659428530499444637550404676540932172852634845184
4585371016945360654772575803887339060048596559649855416693706404659200
7419286156446264532916890881834482273446417327058284062920900677206016
12004657173391623655193925819832962975147986736398955860875484898263040
19423943329837889720606357567556303606941431213766423542535507759071232
31428600503229516440791365119166983298783472250783746640889237024538624
50852543833067406161397722686723286905724903464550170183424744783609856
82281144336296928732171251269445703637896484316570651299270470542557184
133133688169364353283515464346835290843785713584831024907564681529393152
215414832505661294275651042543391861348458415103875145156748129540767744
348548520675025623039237853036005418458691694283759232164486856132526080
563963353180686941834817549433619013540702543792581315221060940610928640
912511873855712662953770017886511366933603975696128298984851616493993984
1476475227036399506708872951903243445540096781868921862606608737354383360
2388987100892112365822072200623528682342120232804625664790067993349455872
3865462327928512068690374383360545997750636489913123030595284370204917760
6254449428820624826831305045651622419829595673196899701782567642556530688
10119911756749136895521679429012168417580232163110022732377852012761448448
16374361185569762506990701397998886316883505737265224446954850213322293248
26494272942318899402512380827011054734463737900375247179332702226083741696
42868634127888671325155685305031086805031378449140095779820719135457804288
69362907070207567589117198438701759621600404745682134907975699129524289536
112231541198096232637171148357052082590842359987155814585440973800947580928
181594448268303812780491817569115369884021611148170781698127561858540896256
293825989466400095634476849019613563161179356796657925102412091371764580352
475420437734703958631782549682175043731516353606160035619383208942581579776
769246427201104004049445515608342496206380324741486631902951744602070056960
1244666864935808063114855831477409761310527449670309325160022064969203843072
2013913292136912067164301347085752257516907774411795957062973809571273900032
3258580157072720732880923775684515347063219852018081228049118543087790981120
5272493449209632398310714058022698719089604541139226554561343906960856055808
8531073606282353131191637833707214066152824393157307782610462450048647036928
13803567055491987136440396150720188327204521275459136859374800139802338394112
22334640661774340267632033984427402393357345668616444641985262589850985431040
36138207717266332224886562912118417346448143967563389067969044078031829729280
58472848379040678920270773932506921907653859000830243798766281799054156365824
94611056096307004717405159808664237086253633603743222777923350745914644889600
153083904475347696493180287813093363329604231333874286754313582807311483666432
247694960571654726921594155765602009087251342396219149887484834077911493378048
400778865047002397703765735434850963745462096271491796286550516360537612222464
648473825618657176047377307488141790175500393584914226884531151487819835244544
1049252690665659676595177875498370388606536399690812584592073269947098906755072
1697726516284316955486590015561889813467610703110133372897596023533660201287680
2746979206949976426393698225909504932702999283132132834647686089283276189466624
4444705723234293793256427571772905284912905625579892453229248521211902227906560
7191684930184270631026265127983920756358200548049651533560901018890144254525440
11636390653418566069787250020962868196240288730980048969526015173681909831041024
18828075583602835878061236488343767875113898000354448011718983375782122411261952
30464466237021401947848486509306636071354186731334496981244998549464032242302976
49292541820624244407927952282474572566344814961090964923907444459565608048001024
79757008057645646355776438791781208637699001692425461905152443009029640290304000
129049549878269897345722620359079949823920546882918446760003350002914701732741120
208806557935915530537462600581212821221866088116539868803268867943305435234172928
337856107814185454211258138079589445525293555917066395287046068083497950544658432
546662665750101116389085324357285639144694248621646662709184186713192453667553280
884518773564286623256489296715468433629001646373929217443777955071246031367700480
1431181439314387634333282952515567374855668211325143561257866741235327230724276224
2315700212878674362902063917788222506402697541369505097596740096855684516402954240
3746881652193062418484513544532536672930476487376377934434988440287456764371140608
6062581865071736360137410788092012387661063294064153756451346934946696263530184704
9809463517264800042369424355310789435607871985485719517627480181823488079633055744
15872045382336538930001835188775282573301599687640248927561116729948854446626701312
25681508899601335602377926150256097675532585795672134240545544094200782388308475904
41553554281937874532379761339031380248834185483312383168106660824149636834935177216
67235063181539216874744354276947426591120543033892185817938310553493539499146215424
108788617463477091407124115615978806839954728517204568986044971377643176334081392640
176023680645016335241815137043566028098090358570727428441127704471709196936837857280
284812298108493413168965919084224937604537543578116660608600464579066132719114125312
460835978753509802330674390429070555036658076188105436324017014131920291863172481024
745648276862003215499640309513295492641195619766222096932617478710986424582286606336
1206484255615513233509888037147484405013974392111372922353789873167486565274341081088
1952132532477516772528888352468457433659351056113163102932140422365342763099950678016
3158616788093029574679629715205705124001084055910445247091619534883669630716527771648
5110749320570545484490224718853689128315952327395426793635138435950692998500950474752
8269366108663575921888147782879867681661519167934053597115379492132682024533006221312
13380115429234122269096665850554030239321954279957661947139139449381694418349484670976
21649481537897701641857987028715791638361404586404441769809005026707654024144602791936
35029596967131823910954652879269821877683358866362103716948144476089348442494087462912
56679078505029532454558986698549400950800625729791997937866121673183557629162914054144
91708675472161363267259986368383010263239846873179554105923238319659461234181225316352
148387753977190881918326279485804836344528748048920647141571415652069908538295691771904
240096429449352258989078959435315421477280319476151106149712598312502480097525364686848
388484183426543168514390626083375407560832516633173563095719902646118609285917951655936
628580612875895427503469585518690829038112836109324669245432500958621089383443316342784
1017064796302438485589918662953045637642851556310090993123408848878554816068973687209984
1645645409178334244377212894418798263549245781716637380022072014015730553253579745918976
2662710205480773392534780849265967494928660116621171808451942191251394664924878917861376
4308355614659107416056110646386724560565718305472994710038527095814755452977683502202880
6971065820139880808590891495652692055494378422094166518490469287066150117902562420064256
11279421434798989108070534531231581407708847099026419142270944820690384631683346568577024
18250487254938870800084958416076438254851975892579843574503362545566013810389009634951168
29529908689737863441849622504076678829155824477443294371742101117494314685284758788767744
47780395944676734241934580920153117084007800370023137946245463663060328495673768423718912
77310304634414597683784203424229795913163624847466432317987564780554643180958527212486656
125090700579091338993107043457920231330361428189163633574168615946090804163057100806684672
202401005213505964946444283336299300576285064923326319131898530736548777289714848701087744
327491705792597303939551326794219531906646493112489952706067146682639581452771949507772416
529892711006103297155548646584668105815691569922512525077708027429091688688186018890776576
857384416798700544555993900470589091056818039261609971304290474091924610249559527034716160
1387277127804803841711542547055257196872509609184122496381998501521016298937745545925492736
2244661544603504951658597176608831754584527886179657532481135975811007508101289486598537216
3631938672408309019526564015297283138119117590457350054781073277411250446604628797979361280
5876600217011813066559464025373338146055325096262727483590454052905351396443543222756573184
9508538889420122990711725207203398030822763067094357642043282530633508401310547082557259776
15385139106431937866522583565642289670174728924105645332977246984172672914278840428956483584
24893677995852060857234308772845687700997491991200002975020529514806181315589387511513743360
40278817102284002342259681004619084357765502436802768722684797300246480462917728187755528192
65172495098136070436499567109726986031949557470997012527079368417587914244606116193839874048
105451312200420058304748093449821642443341933821811299591016082512763889775325843392454197248
170623807298556135978253237891810842448478054335802552947469492532887056486030960080864673792
276075119498976208757012486006156912838193114243602334197233658250721451193554804462460076032
446698926797532402631310342556065467072163672923358813779695483603890527408377768499889569792
722774046296508611388322828562222379910356787166961147976929141854611978601932572962349645824
1169472973094041187707767027092580982338997973122181741661601623919348565196686353331933675520
1892247019390549567511911381022412515107384742913327183098561434492832464883450910468024041472
3061719992484590986803856882747384344588352733411324631300132389693309108995305279626216996864
4953967011875141017484125213034578553979677511076283227478632486748397731709092221746759598080
8015687004359732930624695994311526287135910313990870684938642201566219156365069564678013714432
12969654016234874874445535105875668229683467894570416738577152013439129203734833849729810432000
20985341020594606878733517201657631128251498139058024597355916889880836044439231351102787026944
33954995036829483605852480104592426135070726172634966988252823553568989879495409327442671697920
54940336057424097895279708494486564371865264867719094194887759044445924449220017184985755680768
88895331094253574090438477410842483398392950484327958573861563997018815803430050005988130422784
143835667151677679396411897093565554878801255908073155378028341642460838777935443697414183059456
232730998245931268308237796880881052494280287504453319170447942841471851631936246716282907394048
376566665397608977347424538727392635807253705636630884985592358887917084511013196439458278277120
609297663643540304941212025114165745169878317589293025030272450537357724345232455207263561318400
985864329041149163717537184829774267240443374329506268267400511809337232451679627543677088301056
1595161992684689824372047346979292353620387638608052218543065855194507686010610155060074903502848
2581026321725838750947385773785498393387453715144723203313537771771969765653157734397662489214976
4176188314410529049603830636811927201954595949338445988850460817430227757282031985869916397895680
6757214636136368274835613926644562050288804260068839759157855779665947828553453816679757892288512
10933402950546897798723842079503625707190154804992956315002173787559925891453749898961853295362048
17690617586683265124990660974053914847585449873890454940172315186298373108770675522817253177294848
28624020537230162923714503053557540554775604678883411255174488973858299000224425421779106472656896
46314638123913431842980344155988547041935091317459230731297661683866674553941213715893791691374592
74938658661143594766694847209546087596710695996342641986472150657724973554165639137672898164031488
121253296785057034198225551622288817917793860843172601789671527389011652997999078396161553938251776
196191955446200659319121839858851638631096850956998160063750538236416646111733619704213908433666048
317445252231257723871548832508157189665483005917653678141028925815108318669301600270754918703300608
513637207677458352836469231339992095179987562757168921917172603861844945221466317804589370805583872
831082459908716137416420945902182751078655156909788432633415250056313303009905722416103202171650048
1344719667586174490252890177242174846258642719666957354550587853918158248231372040220692572977233920
2175802127494890749086116887252424529803667053046677452334430544733191629479553371318313600474415104
3520521795081065482172618592710733240995048125653498137185873280168790034187476628902041824102711296
5696323922575956959759570064611559365596930237519765580422868469454302133096683652309462376530313216
9216845717657022927599411713754560336457455069052990378210451512657972480237262715937575501935149056
14913169640232979887358981778366119702054385306572755958633319982112274613333946368247037878465462272
24130015357890006700296177943578821877435654022663559621657449599049289597196028561993183790817607680
39043184998122980759648483044757728821104318858679595653070252424743000455092745713527366053657575424
63173200356012995230620229891252834376387600175418781844355058232350375059538413231137690665309175808
102216385354135983760944281838926846875339546328174004067052666865651460521880797900282197539800743936
165389585710148971220888942827263397573879519209517159341780368889443750574169572175802747384275927040
267605971064285017147237775889520513872000083890296175965851885423559891154047481721022071490748612608
432995556774433988368126718716783911445879603099813335307632254313003641728217053896824818875024539648
700601527838719098763471321441299829452051214519017030109012414239260552969260203085252580215781064704
1133597084613152900635384386488092932629587762561015327745588119546870154523485922047266019390789779456
1834198612451871999398855707929392762081638977080032357854600533786130707492746125132518599606570844160
2967795697065025397357476504204127850093474886461887786056339450680718302480208940339281631530736156672
4801994309516897396756332212133520612175113863541920143910939984466849009972955065471800231137307000832
7769790006581923291437045126124290617650836896824648030423430232495284752917140898970578875201418690560
12571784316098821682839850157831095540590447054008248375246671811657568643818049750761373131405476757504
20341574322680745968923368103528670469005780244474576606582403638848288277663144436050946031673646514176
32913358638779569641056163900506334631125219885766185383653678639896726683337101759450307213212625403904
53254932961460319588565423282328142343188985304807482793885288657526754484712061340777229345153276182528
86168291600239893208207478461127614217372190365140388981188173676205220691760978245503512658632905850880
139423224561700228711116466856628305532793116368214754989670287848858933271320300167384646404854199091200
225591516161940121919323945317755919750165306733355143970858461525064153963081278412888159063487104942080
365014740723640366544783977287556774255190363799836782175125574889050045329248839161376709869409321091072
590606256885580520292795052831657791949819551929725692575177687444368115482024638736472677735032460148736
955620997609220886837579030119214566205009915729562474750303262333418160811273477897849387604441781239808
1546227254494801534445122603856252749932684993245423233042255553898801941052076201283153300548018377850880
2501848252104022293967953113070086924359839383388850642075784212111204437104571594532171452943916022628352
4048075506598823828413075716926339674292524376634273875118039766010006378156647795815324753491934400479232
6549923758702847140899016997239469732875207964712205042928020811089336133331444067538146088104203514806272
10597999265301670969312092714165809407167732341346478918046060577099342511488091863353470841596137915285504
17147923024004520147247086045891365408488628715436845012442475054124929280959985285272916693037047613489152
27745922289306191116559178760057174815656361056783323930488535631224271792448077148626387534633185528774656
44893845313310715337878217474920712761036366590976491045867798017221702345688961142661903754343645509058560
72639767602616914602581301572922232650475481285272459182229908312190976682698835708813490342323655771422720
117533612915927613644171708371954255263946340601223661816350557001922673939264202016424995989973651813302272
190173380518544536394896915282820832988204575524008765204454039977858653166524835142763685385644132318314496
307706993434472133742780812978886398104585408850207138609057447652291322016665442324138283268924134664437760
497880373953016767915404592317039371978183028024367634283994383595090005717931846477204357294730163785826304
805587367387488901658185405295925770082768436874574772893051831247381327734597288801342640563654298450264064
1303467741340505930314194968427184184421999581299347021765000604082311414878506652639353367565482853710954496
2109055108727994962342682859130219475685292076374124101952029629949612783326092700121099192982686347898650624
3412522850068500631916272856743184617746243541273066509129075844792084116778621835399646190841070810134740992
5521577958796495854999560686687623135792583734047595225669059863981536981530692052881551753530855549508255744
8934100808864997529878253426687683922983019740922280193149953265732981424013223957724423423200319925542453248
14455678767661494427840233996632183228219795940571493877170830686673878731247826080049200655559569040950165504
23389779576526493000680907306576743320647008147095392528672601509366220480964960107216849557588282532392075264
37845458344187991600370820836236431226643573950073360239250702423877540515028426465038952128461425836940066816
61235237920714488772901407675840679225067351959575226601330574161081202298809026850028703601363282632929968128
99080696264902472029572869446022101096157386184835639173766736129283860208206172759521851899197559942674382848
160315934185616960802474277121862780321224738144410865775097310290365062507015199609550555500560842575604350976
259396630450519449519445864699994900128489203778872400282493127330998687926483933480164015061012699572670038016
419712564636136443696717578086077717871928100822535056724848599444063280856024255311897785884082136257056997376
679109195086655893216163442786072618000417304601407457007341726775061968782508188792061800945094835829727035392
1098821759722792537161665638457470560405630358819453257735739297155322432173683177437058878764228536739479683072
1777930954809448296878639336186663028717191027823853552074048376639586279266090877340387818419288996134076284928
2876752714532240834040304974644133589122821386643306809809787673794908711439774054777446697183517532873555968000
4654683669341689664915703291058317216595438956855189012559966639597687477466266887672765960762944034748153987072
7531436383873930498956008265702450805718260343498495822369754313392596188906040942450212657946461567621709955072
12186120053215619629874952576533247423558272757965656184253590363827091179611905874568047173549268096629342208000
19717556437089551196824478802690739426787386186240209307975605855546072342038750728128122721816004675732095631360
31903676490305175098673503221044151640389071283310094697638240932678703415733872247135621456646372818285611712512
51621232927394730567472053865555055857219869808654533211022891501530315651855838619703195739743477539941881217024
83524909417699905666145557086599207497608941091964627908661132434209019067589710866838817196389850358227492929536
135146142345094636233617610952154263354828810900619161119684023935739334719445549486542012936133327898169374146560
218671051762794576075555742773314789172785050705417622671617514076392672939700985508896442622771978623790258061312
353817194107889229397069641092749711687787510962453700612937716865354167235479397573196261804029706705656327700480
572488245870683873824210533335187137501267159093538990571099946354635478480511833393123929407299286064233367732224
926305439978572966518109875489691575907665475204657356610948232394212369105328330344257741250333791300316131491840
1498793685849256977045490707763123986690321829149531681755137609574625124196503064359444120618628278834123063164928
2425099125827829943563600583252815562597987304354189038366085841968837493301831394703701861868962070134439194656768
3923892811677087194015431888892430095851087523206391389267402313195017170719660260307270882409580751907709385703424
6348991937504917684391713667898226751574631606965921765925845878466963770464143257499222544122523627920442836123648
10272884749182004878407145556790656847425719130172313155193248191661980941183803517806493426532104379828152221827072
16621876686686922562798859224688883599000350737138234921119094070128944711647946775305715970654628007748595057950720
26894761435868929628456729564491464818928296984931913429481773155003362078602356703065208596562655611089924302831616
43516638122555852191255588789180348417928647722070148350600867225132306790250303478370924567217283618838519360782336
70411399558424790568715217485719510726865853177487523192760363952985414571935085821248129961283632123981151755829248
113928037680980651508973705406947556634803409370043132956038954750967467065267814939431051326004608636872379208826880
184339437239405442077688922892667067361669262547530656148799318703952881637202900760679181287288240760853530964656128
298267474920386128582674224827805413956508305799515634755549167746319331514800418259358219803307620973936742542344192
482606912159791605656374744248663271278213202228988136555059380741671195964333021579285388280610633311001105875861504
780874387080177734239048969076468685234721508028503771310608548487990527479133439838643608083918254284937848418205696
1263481299239969339895423713325131956512934710257491907865667929229661723443466461417928996364528887595938954294067200
2044355686320147354102565454627126961427941289341530444381963632048844113421237521730556501968565314490563461663162368
3307836985560116693997989167952258917940875999599022352247631561278505836864703983148485498333094202086502415957229568
5352192671880264328068647394804912199049102359996087561835282347658541812784579125353025897821777689186752536571281408
8660029657440381582002822107208223756350548501706179444494288217599431374646558349449479191195108236492628270430289920
14012222329320647029943840590915241234120791145924406067152319182582740637425687956698440679097358616118127442805129216
22672251986761027492074291609221359711750199363408446450823858782857404562077695824251984280211994162172009077431861248
36684474316081674522018132200136600945870990509332852517976177965440145199503383780950424959309352778290136520236990464
59356726302842710973071392520574802887390312146518411455382025686895689361537483460369893960165128463972118684097314816
96041200618924394454068493431928246063030424929628376459940192590933974160997271096487803640118262765772228290762768384
155397926921767105427139885952503048950420737076146787915322218277829663522534754556857697600283391229744346974860083200
251439127540691535717124254229298663932527651100883614321590366623156196083357641074015440122976780089556467611336704000
406837054462458676980180015026669081802024877272138852183240540655378418005718011051543076605835297413340706931910639616
658276182003150248533220144100835114653629017468130916451158863032927172488901267546228455611387203596937066888961196032
1065113236465608853841568409437769458617500916550052868741743492179520473694968047756431654452072248822197989129444130816
1723389418468758959031125054159135097594823977637749985407590532194877412584566853619980354533158948042975486635549917184
2788502654934368099560020462355843507564936806948670453719957670409538353478139824741771520045832205617492614530704867328
4511892073403127345278472515273917556512372697347288038698171848639556233261311601727111385639592162412787239931965603840
7300394728337496018213146975147638966782533329817693691559376811119375521136661273199601927806626385534918131994092109824
11812286801740622790116965492903678620589682201643246531116301367688650820000763028195994291325016530443067094394636075008
19112681530078118808330112468051317587372215531460940222675678178808026341137424301395596219131642915977985226388728184832
30924968331818748478942925931169531040424583639365009143486947051340048373904705490360218775911083656476711651160423923712
50037649861896867287273038399220848627796799170825949366162625230148074715042129791755814995042726572454696877549152108544
80962618193715615766215964330390379668221382810190958509649572281488123088946835282116033770953810228931408528709576032256
131000268055612492227483466689897274739301763189364671062072154184760692754344322621563353119935769081460317846761474359296
211962886249328117167693894980573700850806727207903392757981683139373310793646515451370891244828811590465938815973796610048
342963154304940682787133073352759347136377140064050169310133490709129963150833698454466279196278438912519956186757240717312
554926040554268799954826968333333047987183867271953562068115173848503273944480213905837170441107250502985895002731037327360
897889194859209482741960041686092395123561007336003731378248664557633237095313912360303449637385689415505851189488278044672
1452815235413478209304831298337137071564476224941175187956284185021140551436951265884608585246979081677898046668197345624064
2350704430272687838830702763387806209780574531610743130314692156348765707737950899007976104547392487574591296905729563164672
3803519665686166048135534061724943281345050756551918318270976341369906259174902164892584689794371569252489343573926908788736
6154224095958854474101882518571056463495774485496918292506305724798639643735595946952817072993874922751830236671832229937152
9957743761645021109373062273754306717210974439383093454697919293248513579733240994897658041440357357929069176437934896709632
16111967857603874409203653405408749235966450530211498059362950563887217869823351175745962557130010548831400220725415610679296
26069711619248901389933172613746125676878916942937159953267242127935408217784021001166183385091476566007965359085108087226368
42181679476852775799136826019154874912845367473148658012630192691822626087607372176912145942221487114839365579810523697905664
68251391096101681886155164180567456368685477994759872717262532636397775719973336242496379556529850608245327708433037849001984
110433070572954462382377155747388787060492039046582585481257823144860143222162651483826575727968224650482690057780967610777600
178684461669056134874361988832623331871255129883994348695790160147978436112972101597486854826064301403932024227139193332039680
289117532242010653621761131152009588279281491874665591193429157092515476310118069854330033304635169183190675519369033709256704
467801993911066788496123119984632920150536621758659939889219317240493912423090171451816888130699470587122699746508227041296384
756919526153077442117884251136642508429818113633325531082648474333009388733208241306146921435334639770313375265877260750553088
